[-0.162698403001,-4.96992206573,2.38945031166],
[0.649052560329,-4.93004322052,2.38945031166],
[0.625761151314,-4.75312805176,2.72988438606],
[-0.156859949231,-4.79157543182,2.72988438606],
[-0.150260090828,-4.58997058868,3.05706739426],
[0.599432349205,-4.55314064026,3.05706739426],
[0.570193886757,-4.33105278015,3.36941146851],
[-0.142930865288,-4.36608600616,3.36941146851],
[-0.134907856584,-4.12100839615,3.66540026665],
[0.538187682629,-4.08794164658,3.66540026665],
[0.503569126129,-3.82498741150,3.94359731674],
[-0.12623000145,-3.85592746735,3.94359731674],
[-0.118528522551,-3.62067174911,4.16086006165],
[0.472845673561,-3.59161949158,4.16086006165],

[-3.45226073265,-0.925030529499,4.20265197754],
[-3.50536918640,-0.697261273861,4.20265197754],

[0.42717897892,-3.24474644661,4.44130706787],
[-0.107081219554,-3.27099299431,4.44130706787],
[-0.0967032536864,-2.95397877693,4.65840435028],
[0.385778129101,-2.93027591705,4.65840435028],

[-2.57361078262,-0.511923015118,4.85288906097],
[-2.53461909294,-0.679149150848,4.85288906097],

[0.342504739761,-2.60158181190,4.85288906097],
[-0.0858558788896,-2.62262582779,4.85288906097],
[-0.0745917633176,-2.27854275703,5.02381849289],
[0.297568827868,-2.26025962830,5.02381849289],
[0.251188516617,-1.90796613693,5.17036151886],
[-0.0629655793309,-1.92339956760,5.17036151886],
[-0.0510337613523,-1.55892014503,5.29180812836],
[0.203588917851,-1.54641127586,5.29180812836],
[0.163157746196,-1.23930609226,5.37341356277],
[-0.0408988520503,-1.24933075905,5.37341356277]




