[3.42290139198,-3.60698533058,2.38945031166],
[1.78201496601,-4.64230775833,2.38945031166],
[1.59312653542,-4.15023660660,3.26704072952],
[3.08599567413,-3.25196099281,3.21519088745],
[2.68701505661,-2.83152318001,3.89852499962],
[1.39890122414,-3.64426231384,3.89852499962],
[1.13556337357,-2.95824360847,4.51612234116],
[2.24061489105,-2.24061489105,4.51612234116],
[1.65318417549,-1.65318417549,4.99700260162],
[0.837848305702,-2.18266963959,4.99700260162],
[0.536903858185,-1.39868247509,5.30956602097],
[1.01570653915,-1.01570653915,5.32660770416],
[0.883883476257,-0.883883476257,5.37341356277],
[0.447959929705,-1.16697549820,5.37341356277],

[-3.33665704727,-1.28082263470,4.20265197754],
[-3.09521245956,-1.78702175617,4.20265197754],
[-2.44974374771,-0.940368533134,4.85288906097],
[-2.27247738838,-1.31201541424,4.85288906097]
