[0.625761151314,-4.75312805176,2.72988438606],
[-0.125496014953,-4.79249954224,2.72988438606],
[-0.120215795934,-4.59085607529,3.05706739426],
[0.599432349205,-4.55314064026,3.05706739426],
[0.570193886757,-4.33105278015,3.36941146851],
[-0.114352039993,-4.36692810059,3.36941146851],
[-0.107933215797,-4.12180328369,3.66540026665],
[0.538187682629,-4.08794164658,3.66540026665],
[0.503569126129,-3.82498741150,3.94359731674],
[-0.100990489125,-3.85667109489,3.94359731674],
[-0.0948289111257,-3.62137007713,4.16086006165],
[0.472845673561,-3.59161949158,4.16086006165],
[0.42717897892,-3.24474644661,4.44130706787],
[-0.0856704860926,-3.27162384987,4.44130706787],
[-0.0773675739765,-2.95454835892,4.65840435028],
[0.385778129101,-2.93027591705,4.65840435028],
[0.342504739761,-2.60158181190,4.85288906097],
[-0.0686891153455,-2.62313151360,4.85288906097],
[-0.059677246958,-2.27898216248,5.02381849289],
[0.297568827868,-2.26025962830,5.02381849289],
[0.251188516617,-1.90796613693,5.17036151886],
[-0.0503756999969,-1.92377042770,5.17036151886],
[-0.0408296324313,-1.55922079086,5.29180812836],
[0.203588917851,-1.54641127586,5.29180812836],
[0.163157746196,-1.23930609226,5.37341356277],
[-2.29621261699e-16,-1.25,5.37341356277]

[-3.39911723137,-1.10444009304,4.20265197754],
[-3.22587895393,-1.53866529465,4.20265197754],
[-2.59172463417,-0.410488843918,4.85288906097],
[-2.51597237587,-0.745265007019,4.85288906097],


